4.349973
2.643482
2.918791
2.926813
2.88972
3.166705
2.933501
1.890664
2.757785
2.419324
2.439827
2.612084
2.896236
2.364937
2.710711
2.057839
2.396798
2.426294
2.426357
2.300045
2.41801
1.591037
2.247605
2.348481
2.058526
2.716716
2.297519
2.345567
2.406242
2.527219
1.750978
1.776919
1.559476
2.306832
2.341745
2.761816
2.148737
2.42388
2.558209
1.196901
2.423805
1.678604
2.294116
1.953406
2.132889
2.119016
3.151898
2.489708
3.021759
2.837594
1.872714
2.538552
2.713157
1.859984
2.770881
2.458826
1.591595
1.995816
2.103073
2.59515
2.300823
2.181352
1.838223
2.248709
1.911765
2.404179
2.071938
2.194406
1.643577
2.023517
2.335068
1.360946
1.7828
2.293737
2.31067
2.413966
2.299329
2.43506
2.462193
1.913329
2.695584
2.246466
2.408286
1.902128
1.983051
2.293773
1.915203
2.435451
2.537813
2.234693
2.169129
2.896545
1.976062
1.666457
2.349007
1.593034
2.32616
1.757326
2.609071
2.096592
2.595832
1.861771
2.243659
2.042222
1.502436
1.748403
2.453475
1.472462
2.267135
2.513989
2.233478
1.517067
2.149316
1.564624
1.882142
2.40468
1.685821
2.229184
2.599826
2.503836
2.329132
2.028576
2.358251
2.104039
1.379338
2.451974
2.247938
1.827191
1.825269
1.621308
1.836941
1.713438
2.015407
2.060964
2.022207
2.382828
2.087632
1.683312
1.259889
2.735761
2.319296
1.831566
1.946049
1.930014
2.030643
1.980142
2.315867
2.60177
1.899477
1.717009
1.214475
2.224401
1.292714
1.296568
2.31189
1.811073
1.982396
1.629359
1.804899
1.646271
1.864491
2.136568
1.899886
2.057459
1.84184
1.548548
2.208999
2.561761
1.668686
1.950359
3.031842
1.867549
2.326058
1.533946
2.53183
1.71058
2.127393
1.829841
2.115881
2.287953
1.812051
2.267899
1.966617
2.222192
1.278806
1.947827
1.155586
2.327871
2.480268
1.999287
2.667287
2.105995
2.104386
2.26444
2.60458
1.416191
2.442111
2.67488
2.276817
1.968976
2.629436
2.216883
2.410471
2.099721
1.606856
2.492906
2.069816
1.550215
2.11573
2.404431
1.969326
1.939089
2.356127
2.485511
1.68162
1.761805
2.588024
2.706282
2.074731
1.945622
1.775743
2.016712
2.184491
1.942956
1.729223
2.278749
1.822168
2.192013
3.208359
1.582131
1.872078
2.459325
2.25512
1.479414
2.056427
1.948598
1.909842
2.420506
1.385619
1.784709
2.153495
1.928692
2.477607
1.828365
1.607832
2.408492
2.037537
2.09035
1.953398
2.057021
2.133971
2.14795
2.067647
2.035618
2.246276
1.816229
1.677413
2.506691
1.805108
1.807607
1.629029
2.675834
1.925592
1.950671
1.829878
1.279402
2.394813
2.047673
2.295852
1.696397
2.222266
1.837842
1.829644
1.177724
2.047733
1.33254
1.890344
1.935262
2.422899
1.814054
2.333688
1.466703
2.159502
1.580609
2.040452
2.046853
1.292187
2.279362
1.202369
1.778792
1.368326
1.806321
1.142704
1.876392
2.176646
2.562994
2.347208
1.685627
1.589177
2.022904
1.720362
2.190537
2.605544
2.433446
2.284085
1.823852
1.668326
1.680911
2.03032
2.856858
1.411986
2.656184
2.005793
2.193219
2.486168
1.662262
1.892494
1.661307
2.236566
2.212734
2.02596
2.025628
1.765164
2.070994
1.231055
2.081389
2.435885
1.413024
1.425202
1.701569
1.853962
1.635797
1.479218
1.889944
1.773107
2.026229
2.299824
2.416418
2.349989
1.627752
1.871897
1.453815
2.234489
1.538864
1.771589
2.12796
1.674816
1.433592
1.904636
1.843372
2.751209
2.44419
1.939552
1.684016
2.015145
2.501602
2.462188
1.552226
2.060863
2.250459
2.094837
2.325574
2.082423
1.772147
1.593875
2.824212
1.954072
0.957101
1.799232
1.67867
1.703574
2.119675
1.279436
1.583461
2.01314
2.026376
1.444747
1.628158
2.274772
1.920935
1.322809
1.621789
1.60742
1.853762
2.361363
2.435919
1.36326
2.270583
2.35544
2.172857
2.115085
1.95582
2.198641
1.339029
2.244353
2.095694
2.146116
2.043691
1.734465
1.746003
2.26279
1.743215
2.593698
1.324512
1.779684
2.242049
1.889768
2.1851
1.871374
1.563367
2.465891
2.03239
1.863736
2.560989
2.203358
2.024024
1.899227
1.870833
2.428007
1.407301
1.5814
1.414187
1.878083
1.197216
2.076803
1.845301
2.130817
2.058502
1.714553
1.354524
2.253581
1.920827
2.043256
1.857149
2.2091
1.341104
2.170185
2.191955
1.55495
1.790836
1.764198
2.532996
1.919533
2.072717
1.857489
1.744606
1.913468
1.336881
1.20692
1.635996
2.188309
2.180689
1.74426
2.019721
2.260019
1.485398
1.937177
1.984872
1.75778
1.866914
1.996563
1.990853
2.672388
1.047313
2.351358
2.312988
2.354996
1.747708
1.824031
2.57748
1.883053
2.014074
1.94086
2.455557
1.984961
2.226689
0.962225
2.541826
2.151387
2.432726
1.67456
1.963517
1.895119
1.857666
2.169783
1.476681
2.111377
1.940841
1.360106
1.367244
1.469328
1.384804

